Matrix A:
6	7	4	6	2	
7	4	9	9	7	
1	8	8	4	2	
8	4	0	6	8	
7	0	7	5	1	

Matrix B:
6	6	6	9	6	
0	6	2	4	3	
2	4	9	7	7	
3	0	2	8	2	
7	8	9	5	6	

Matrix C = A * B:
76	110	116	168	109	
136	158	212	249	177	
48	102	120	139	106	
122	136	140	176	120	
78	78	124	157	107	

